1
0
0
0
0
0
0
1
0
0
0
0
0
0
0
0
0
1
0
0
0
5
0
0
0
0
9
0
0
0
0
0
0
0
0
2
0
0
0
0
0
7
0
0
0
0
0
0
0
0
0
0
0
0
0
0
0
0
0
0
0
0
0
6
0
0
0
0
0
0
1
0
0
0
0
0
0
0
0
4
0
0
0
1
0
1
0
0
0
0
0
0
0
0
0
0
0
0
2
0
0
0
0
0
0
0
0
0
0
0
0
1000
0
0
0
0
0
0
0
1
0
0
0
0
0
0
0
0
6
0
0
0
0
0
1
0
1
0
0
0
0
0
0
0
0
1
0
0
0
0
1
185
0
0
0
26
0
1
0
0
1
0
0
0
0
0
0
0
0
0
0
0
0
0
0
0
0
82
0
0
0
0
0
0
0
1
0
0
14
0
0
0
0
0
1000
0
0
0
0
3
0
0
0
0
12
0
0
0
0
0
0
0
0
0
0
0
0
0
0
0
0
0
0
0
1
0
6
0
10
0
0
0
0
0
4
0
2
0
0
0
0
3
0
0
0
0
0
0
0
0
0
0
0
0
0
0
0
0
0
0
0
0
0
0
8
1
0
1
1
4
0
0
0
0
0
0
3
0
0
0
0
615
0
0
0
0
0
0
4
0
0
0
0
0
0
0
0
0
0
0
0
0
0
0
3
0
0
0
0
0
0
0
39
0
0
0
0
0
0
6
0
0
3
0
0
0
0
0
0
0
0
0
0
0
2
0
0
0
0
0
0
0
0
0
0
0
0
0
0
0
1
0
0
0
90
4
0
0
0
335
0
1
0
0
1
0
2
4
0
0
0
0
0
0
0
0
0
0
1
0
0
0
0
0
5
0
0
1
0
0
0
0
0
0
0
0
0
0
0
0
0
0
0
0
0
0
0
0
0
0
0
0
0
0
0
0
0
0
0
0
1
0
4
0
0
0
0
0
0
0
0
0
0
1
26
12
1
0
0
0
0
0
1
0
1000
0
0
1
0
293
0
0
0
1
0
0
0
1
0
0
0
0
9
0
0
1
0
0
0
0
0
0
0
0
0
0
0
0
0
0
0
0
0
0
0
0
0
0
0
0
0
2
0
0
0
0
0
0
0
0
0
0
0
0
0
0
0
1
0
0
0
0
0
0
0
0
0
0
0
0
0
0
0
0
0
0
0
0
0
0
1
0
0
4
0
0
0
0
0
0
0
0
0
1000
0
0
0
0
1
0
0
0
0
0
683
0
0
0
0
1
0
0
0
0
0
0
0
0
0
0
79
0
0
0
0
0
0
0
0
0
0
0
0
0
0
0
0
0
0
0
6
0
0
0
0
1
1
2
0
0
0
4
0
0
0
0
0
0
31
0
0
0
0
3
0
342
0
0
0
0
0
61
0
0
0
0
0
0
0
0
0
0
0
0
0
0
64
0
0
1
0
0
0
0
0
0
0
0
0
0
0
0
0
0
0
0
0
0
0
0
0
0
0
0
0
0
0
0
0
0
0
0
2
0
2
0
0
0
1
0
0
1
0
0
0
0
0
0
0
0
1
0
0
0
0
0
0
0
0
0
0
1
0
0
0
0
0
0
0
1
0
0
0
0
0
4
0
0
0
0
0
0
0
0
0
0
0
0
0
6
0
0
0
0
0
0
0
3
0
0
0
0
0
0
4
0
0
0
2
0
72
78
0
0
0
0
0
0
0
0
0
0
0
1000
0
0
0
0
0
0
0
0
0
0
0
0
0
0
0
0
0
0
0
0
0
0
0
0
0
0
0
0
0
17
0
0
0
0
0
0
0
0
0
0
0
0
0
5
0
0
1
0
0
1
0
0
0
0
0
0
0
0
0
0
158
0
0
0
0
0
0
0
0
0
0
0
0
5
0
0
0
0
0
0
0
0
0
0
0
0
0
0
0
0
4
0
0
0
0
1
0
0
0
1
0
0
0
1
11
0
0
0
0
0
0
0
0
0
0
0
0
0
0
25
0
0
0
0
0
0
0
0
0
0
0
0
0
0
0
0
0
0
0
0
0
0
7
0
0
0
0
0
0
0
0
0
0
0
1
0
0
0
0
9
0
0
0
0
0
0
0
0
0
0
0
13
0
1
0
11
0
0
0
0
0
0
0
10
2
0
0
0
0
1
0
0
0
0
0
0
0
3
0
0
0
0
0
0
0
0
0
0
0
0
0
0
0
0
0
0
0
0
0
0
0
0
0
0
0
0
0
0
1
0
0
0
0
0
86
0
0
